0 0.841471
1 0.841471
2 0.841471
3 0.841471
4 0.841471
5 0.841471
6 0.841471
7 0.841471
8 0.841471
9 0.841471
10 0.841471
11 0.795849
12 0.726934
13 0.722746
14 0.722746
15 0.722746
16 0.722746
17 0.722746
18 0.722746
19 0.722746
20 0.722746
21 0.722746
22 0.722746
23 0.722746
24 0.722746
25 0.722746
26 0.634945
27 0.722746
28 0.613479
29 0.613479
30 0.613479
31 0.544873
32 0.544873
33 0.544873
34 0.544873
35 0.535303
36 0.526163
37 0.526163
38 0.516934
39 0.488486
40 0.516934
41 0.28143
42 0.28143
43 0.28143
44 0.28143
45 0.258243
46 0.258243
47 0.258243
48 0.258243
49 0.258243
50 0.258243
