0 0.84152
1 0.819027
2 0.796069
3 0.772754
4 0.748542
5 0.72434
6 0.699354
7 0.673747
8 0.648139
9 0.622717
10 0.597319
11 0.571861
12 0.546658
13 0.521455
14 0.496252
15 0.471634
16 0.4471
17 0.422565
18 0.398559
19 0.375775
20 0.353152
21 0.330669
22 0.309269
23 0.288563
24 0.268069
25 0.248369
26 0.229434
27 0.210902
28 0.192737
29 0.176526
30 0.160315
31 0.144816
32 0.129977
33 0.116227
34 0.10319
35 0.0902419
36 0.0788104
37 0.0685139
38 0.058301
39 0.0492828
40 0.0407926
41 0.0329499
42 0.026474
43 0.0203986
44 0.0152713
45 0.01081
46 0.00703831
47 0.0039898
48 0.00252354
49 0.00137622
50 0.000534344
