0 0.841471
1 0.841471
2 0.841471
3 0.841471
4 0.841471
5 0.841471
6 0.841471
7 0.841471
8 0.841471
9 0.768926
10 0.768926
11 0.768926
12 0.768926
13 0.743829
14 0.735109
15 0.666307
16 0.666307
17 0.666307
18 0.666307
19 0.666307
20 0.666307
21 0.666307
22 0.666307
23 0.644797
24 0.644797
25 0.644797
26 0.644797
27 0.644797
28 0.555106
29 0.555106
30 0.555106
31 0.555106
32 0.555106
33 0.555106
34 0.555106
35 0.555106
36 0.555106
37 0.555106
38 0.421222
39 0.421222
40 0.252224
41 0.252223
42 0.252222
43 0.252221
44 0.252221
45 0.25222
46 0.252219
47 0.252218
48 0.252217
49 0.252217
50 0.252216
