0 0.790746
1 0.790746
2 0.790746
3 0.790746
4 0.790746
5 0.790746
6 0.790746
7 0.669599
8 0.662146
9 0.662146
10 0.662146
11 0.662146
12 0.662146
13 0.662146
14 0.662146
15 0.662146
16 0.662146
17 0.662146
18 0.662146
19 0.662146
20 0.662146
21 0.662146
22 0.662146
23 0.512488
24 0.512488
25 0.512488
26 0.512488
27 0.512488
28 0.512488
29 0.512488
30 0.512488
31 0.512488
32 0.512488
33 0.512488
34 0.512488
35 0.512488
36 0.512488
37 0.512488
38 0.512488
39 0.252117
40 0.252116
41 0.252115
42 0.252114
43 0.252113
44 0.252112
45 0.252111
46 0.25211
47 0.252109
48 0.252108
49 0.252107
50 0.252106
