0 0.841471
1 0.841471
2 0.841471
3 0.841471
4 0.841471
5 0.841471
6 0.841471
7 0.841471
8 0.798896
9 0.731275
10 0.660336
11 0.588629
12 0.51733
13 0.44762
14 0.380884
15 0.318364
16 0.260625
17 0.207989
18 0.161362
19 0.12068
20 0.0861618
21 0.057818
22 0.036041
23 0.0203874
24 0.011464
25 0.00864159
26 0.0123847
27 0.0225446
28 0.0389311
29 0.0618861
30 0.0911928
31 0.126671
32 0.168485
33 0.216081
34 0.269719
35 0.328663
36 0.392154
37 0.459971
38 0.530865
39 0.603099
40 0.676121
41 0.747964
42 0.816585
43 0.860021
44 0.86003
45 0.860039
46 0.860048
47 0.860056
48 0.860056
49 0.860056
50 0.860056
