0 0.841471
1 0.841471
2 0.841471
3 0.841471
4 0.841471
5 0.841471
6 0.841471
7 0.841471
8 0.798169
9 0.731929
10 0.661097
11 0.589144
12 0.518074
13 0.448687
14 0.381534
15 0.319588
16 0.261669
17 0.208048
18 0.162289
19 0.121756
20 0.0872338
21 0.0586053
22 0.0368032
23 0.0202557
24 0.0123209
25 0.00950409
26 0.0132088
27 0.0230806
28 0.0396608
29 0.0624333
30 0.0917691
31 0.127344
32 0.168906
33 0.216508
34 0.270582
35 0.328789
36 0.392357
37 0.460271
38 0.531024
39 0.603592
40 0.676573
41 0.74808
42 0.814848
43 0.8593
44 0.859314
45 0.859328
46 0.859342
47 0.859357
48 0.859371
49 0.859385
50 0.859399
