0 0.840702
1 0.817296
2 0.793889
3 0.770482
4 0.747075
5 0.723668
6 0.699555
7 0.675415
8 0.649854
9 0.62332
10 0.596785
11 0.571078
12 0.546173
13 0.521269
14 0.496364
15 0.471459
16 0.446555
17 0.42191
18 0.399716
19 0.377571
20 0.355426
21 0.333351
22 0.311386
23 0.289421
24 0.268896
25 0.250096
26 0.231917
27 0.213887
28 0.196538
29 0.179188
30 0.161838
31 0.146179
32 0.132084
33 0.11921
34 0.106337
35 0.0934637
36 0.0819769
37 0.0717443
38 0.0615118
39 0.0515875
40 0.042943
41 0.0355612
42 0.0293058
43 0.0230504
44 0.0167951
45 0.0105397
46 0.006815
47 0.00531593
48 0.00381686
49 0.00231779
50 0.00127087
