0 0.813517
1 0.813517
2 0.813517
3 0.813517
4 0.813517
5 0.813517
6 0.813517
7 0.813517
8 0.701605
9 0.693117
10 0.687786
11 0.687786
12 0.687786
13 0.687786
14 0.687786
15 0.687786
16 0.687786
17 0.687786
18 0.687786
19 0.687786
20 0.687786
21 0.687786
22 0.687786
23 0.687786
24 0.687786
25 0.687786
26 0.687786
27 0.610675
28 0.610675
29 0.54828
30 0.54828
31 0.54828
32 0.534026
33 0.534026
34 0.534026
35 0.534026
36 0.534026
37 0.520009
38 0.520009
39 0.520009
40 0.252221
41 0.25222
42 0.25222
43 0.252219
44 0.252218
45 0.252218
46 0.252217
47 0.252217
48 0.252216
49 0.252215
50 0.252215
