0 0.841471
1 0.841471
2 0.841471
3 0.841471
4 0.841471
5 0.841471
6 0.841471
7 0.841471
8 0.798738
9 0.731372
10 0.660456
11 0.588579
12 0.517003
13 0.44727
14 0.380818
15 0.318197
16 0.260462
17 0.208049
18 0.161303
19 0.120675
20 0.0860576
21 0.0578439
22 0.0360536
23 0.0205429
24 0.0114188
25 0.00867832
26 0.0124378
27 0.0225858
28 0.0390668
29 0.0620582
30 0.0912445
31 0.126836
32 0.168572
33 0.216281
34 0.269839
35 0.328665
36 0.392268
37 0.459946
38 0.530992
39 0.603524
40 0.676549
41 0.748413
42 0.816989
43 0.860403
44 0.860396
45 0.860389
46 0.860382
47 0.860375
48 0.860368
49 0.860361
50 0.860354
