0 0.841471
1 0.841471
2 0.841471
3 0.841471
4 0.841471
5 0.841471
6 0.841471
7 0.841471
8 0.841471
9 0.705562
10 0.69813
11 0.69813
12 0.69813
13 0.69813
14 0.69813
15 0.69813
16 0.69813
17 0.69813
18 0.69813
19 0.69813
20 0.69813
21 0.69813
22 0.69813
23 0.69813
24 0.69813
25 0.69813
26 0.69813
27 0.616243
28 0.616243
29 0.616243
30 0.616243
31 0.616243
32 0.616243
33 0.5121
34 0.5121
35 0.5121
36 0.5121
37 0.5121
38 0.5121
39 0.5121
40 0.480207
41 0.253502
42 0.253502
43 0.253502
44 0.253502
45 0.253502
46 0.253502
47 0.253502
48 0.253502
49 0.253502
50 0.253502
